167 241 57
259 22 91
375 144 40
263 393 78
368 353 42
80 170 44
308 417 17
425 422 19
448 456 9
498 344 24
320 401 19
226 484 31
496 171 55
361 21 51
323 128 46
122 470 44
402 421 66
235 183 64
357 270 36
409 152 66
75 107 51
82 320 74
125 66 18
12 250 47
142 455 110
161 8 112
426 476 71
131 161 70
332 456 76
264 308 18
245 462 33
311 50 48
212 337 19
99 92 59
401 274 61
202 406 47
282 370 63
100 304 16
84 404 66
281 137 49
445 348 65
194 344 52
427 189 49
60 428 54
14 398 46
381 47 31
496 71 70
462 112 34
265 301 51
413 186 55
426 336 11
266 113 49
288 23 50
52 244 85
395 310 47
156 288 58
474 258 14
283 243 35
293 260 82
4 33 63
381 73 89
443 286 61
153 158 36
142 336 25
146 461 65
107 291 57
403 123 60
194 288 63
360 434 76
432 322 93
490 411 46
420 178 89
134 277 37
365 109 75
164 14 78
54 124 68
158 433 61
160 391 77
34 450 25
97 321 54
63 38 92
352 465 68
91 170 6
181 194 64
50 466 47
378 498 61
291 439 35
360 449 53
118 250 80
495 73 22
32 381 52
386 472 57
415 448 32
491 443 72
451 37 55
41 9 71
394 484 40
91 116 47
196 288 48
241 229 95
488 192 47
38 206 70
238 69 68
4 130 4
204 63 103
143 182 60
68 278 72
102 182 76
130 187 66
97 208 33
190 378 31
163 409 68
266 200 2
301 209 20
141 285 29
379 426 96
238 423 28
36 382 19
187 288 42
318 311 18
246 413 35
314 258 86
232 169 65
238 289 41
385 434 43
332 326 54
369 457 41
479 395 55
94 104 25
415 210 49
438 19 28
14 45 72
340 148 46
390 76 21
365 285 42
344 96 70
204 451 59
291 27 46
93 250 71
371 201 41
328 497 23
160 157 83
400 139 9
54 251 53
166 400 23
317 282 23
102 248 36
78 64 16
355 404 46
84 288 41
7 165 33
432 291 48
22 286 65
140 225 88
301 246 54
225 321 44
475 240 82
472 91 33
157 293 86
487 17 28
50 173 59
201 224 42
367 312 60
242 182 43
407 497 74
166 450 34
427 469 69
196 419 22
393 372 36
484 19 62
165 323 34
165 134 31
225 243 24
472 198 54
74 22 12
35 437 44
40 38 38
117 352 26
34 176 98
65 86 101
313 216 42
66 54 89
138 328 86
1 206 70
210 47 22
366 20 3
169 275 56
17 192 46
231 486 27
4 229 38
193 64 98
500 212 14
24 397 64
107 2 49
273 102 75
283 25 80
160 362 12
218 227 56
355 89 24
359 17 59
146 224 40
1 466 55
186 13 70
364 260 68
464 400 46
224 426 103
76 447 79
385 498 34
264 448 21
383 366 16
405 295 41
430 19 42
141 265 28
100 487 26
161 146 23
339 104 39
357 265 37
173 60 21
251 256 35
467 226 32
141 341 36
88 305 70
305 154 24
216 131 54
434 77 18
339 119 72
457 298 42
130 104 20
84 406 91
265 25 74
398 19 82
65 316 41
91 222 18
235 62 3
283 98 66
50 449 41
263 261 72
7 480 77
172 301 86
285 192 20
378 248 47
477 11 20
471 105 11
312 420 59
341 415 58
140 27 70
113 128 29
144 184 67
146 442 37
409 479 8
149 67 56
472 418 70
289 170 44
143 451 53
463 464 35
291 320 91
181 248 60
352 335 19
205 189 58
405 272 92
85 98 1
426 308 33
152 458 35
143 244 21
196 105 46
180 14 51
414 394 55
424 90 53
87 158 31
346 223 70
181 203 49
82 154 25
240 325 -1
197 237 54
75 247 25
229 390 80
245 349 47
364 326 48
17 65 16
371 320 26
278 214 34
109 160 57
492 280 26
134 224 82
380 273 20
389 158 30
20 220 60
489 361 51
460 440 18
291 223 60
426 123 55
448 473 46
184 349 42
215 475 20
421 154 71
16 480 60
147 214 31
485 236 49
119 131 66
487 59 66
248 368 40
207 202 55
36 357 27
358 142 70
385 250 76
21 76 43
481 43 50
447 168 57
420 370 61
184 373 5
290 417 48
455 218 100
94 220 19
31 400 49
222 142 37
180 473 79
114 24 76
103 45 81
426 3 47
339 498 59
93 240 35
195 18 51
303 154 79
459 53 77
176 67 59
359 175 39
331 27 48
121 41 46
392 308 34
67 380 50
147 471 53
457 48 47
252 301 36
227 236 69
119 58 4
10 122 21
170 239 48
54 24 33
305 42 32
125 341 36
197 470 42
488 89 2
172 347 89
429 435 37
189 236 52
335 203 45
40 169 65
245 136 8
97 198 44
37 413 28
394 408 87
282 27 51
418 275 62
166 419 43
170 187 31
314 78 29
358 40 47
39 60 38
132 270 25
468 77 30
272 97 51
130 362 99
303 386 37
351 395 59
272 264 15
226 358 23
433 231 72
408 195 47
237 155 82
148 48 84
340 206 66
27 345 10
12 392 78
438 38 57
59 296 16
151 155 80
214 495 22
327 189 1
77 65 30
31 396 54
23 412 48
118 28 50
424 354 32
291 9 9
110 396 7
84 250 80
409 199 45
88 314 71
368 433 63
83 411 7
317 297 21
129 93 92
9 324 67
156 175 22
58 426 61
318 393 61
370 208 41
93 309 41
46 157 71
170 168 57
470 89 3
225 244 68
493 409 32
180 474 58
348 13 56
101 413 39
98 141 19
466 451 37
342 320 49
156 456 45
199 485 51
74 490 33
498 33 55
6 57 35
296 49 61
310 428 43
217 401 67
66 208 54
309 190 40
230 35 46
159 334 47
143 362 57
25 352 15
170 179 75
308 218 72
53 214 35
87 58 57
437 147 51
57 183 23
42 57 32
346 320 15
120 416 82
282 401 29
17 213 94
100 382 40
35 237 53
79 460 87
64 64 8
259 307 47
151 390 54
110 83 59
123 159 60
365 72 18
157 421 38
238 222 34
111 156 60
160 246 45
221 179 41
481 256 30
372 406 77
178 7 101
450 99 57
6 485 22
130 205 46
422 190 62
7 323 56
205 77 45
247 51 43
495 262 36
196 225 75
430 166 -1
340 408 67
86 412 15
257 273 40
385 205 43
297 29 94
204 365 51
225 166 48
114 297 46
211 337 66
188 285 26
277 305 40
455 383 100
339 64 33
185 293 43
433 37 31
25 403 46
102 174 72
46 9 54
386 63 50
324 396 38
140 323 28
210 -1 93
147 71 64
198 280 97
199 4 66
471 304 39
191 196 47
66 483 2
135 108 76
134 267 60
185 410 51
259 339 50
74 53 66
450 6 24
101 29 30
342 51 24
88 286 52
8 295 31
443 274 53
292 240 12
303 5 57
456 204 49
216 95 5
245 324 73
19 409 36
76 152 12
42 308 29
53 186 79
304 312 57
40 266 42
105 139 30
389 116 50
203 201 59
340 118 61
247 151 58
35 29 43
85 256 48
430 -1 86
179 389 44
191 453 31
20 210 56
41 213 47
74 377 28
258 179 26
166 102 18
398 488 75
348 398 42
175 301 15
378 485 49
398 344 32
276 51 47
469 379 58
111 497 23
162 304 14
185 97 91
39 86 27
434 35 54
458 413 58
166 493 33
165 144 36
490 461 73
79 235 36
8 373 40
386 216 53
153 260 76
53 482 53
349 438 54
353 319 24
230 434 41
396 452 16
407 422 35
20 375 51
435 430 29
420 46 32
104 286 53
33 127 63
265 431 19
4 282 88
233 207 66
219 3 48
95 102 35
96 209 33
336 55 15
53 468 24
304 436 17
142 174 79
377 487 48
98 238 67
42 237 52
111 400 13
117 76 55
281 61 6
22 256 108
304 244 79
15 419 66
433 411 21
266 422 22
435 435 25
57 159 57
24 2 39
61 235 32
48 139 25
257 489 49
492 52 48
245 248 14
357 277 40
98 397 48
104 428 27
82 182 27
271 156 94
38 293 111
127 206 45
127 56 59
52 269 31
343 237 6
449 82 33
309 316 9
467 231 72
413 118 53
384 254 29
245 440 37
398 420 58
461 466 34
327 348 61
193 313 33
240 376 55
387 264 19
276 278 78
363 250 71
314 444 42
218 27 63
182 85 15
246 211 35
39 399 86
320 450 55
473 489 57
345 65 79
70 47 40
348 109 101
124 363 45
43 212 83
328 357 70
88 202 42
237 124 80
191 216 14
351 107 56
143 391 56
266 463 57
403 238 18
487 11 74
337 325 65
204 342 52
131 319 11
409 324 51
122 145 33
378 70 23
307 208 51
187 307 47
81 232 26
256 273 21
438 144 8
429 231 24
500 163 25
66 73 13
398 390 10
135 36 91
144 5 21
332 328 56
32 112 103
450 466 60
381 308 18
230 484 18
240 142 56
423 302 70
341 189 28
430 204 32
144 44 59
439 311 75
330 372 49
322 159 69
127 289 43
229 294 41
108 230 18
297 495 78
478 187 58
405 172 55
110 321 26
12 199 43
464 427 83
426 142 83
12 428 37
484 384 54
102 499 45
278 248 97
371 244 86
460 277 68
357 444 17
336 453 19
418 363 21
165 49 42
88 3 58
132 232 50
364 260 33
437 278 91
71 343 58
497 494 68
356 299 71
246 178 24
260 160 73
216 204 43
190 500 -1
165 86 41
498 7 62
174 204 37
122 212 42
492 173 58
435 96 85
54 46 42
122 167 42
459 412 60
327 52 2
185 458 68
344 407 83
445 385 38
249 453 54
482 130 32
149 476 32
421 92 85
145 77 31
441 271 49
439 212 48
218 69 34
68 274 62
87 241 75
101 381 16
430 1 97
234 253 51
500 425 56
491 304 24
48 339 73
7 354 83
352 65 74
17 498 48
159 298 57
312 218 34
163 166 30
405 147 11
95 107 37
471 394 17
347 140 40
32 353 29
211 466 39
390 81 60
296 294 54
138 66 68
43 258 76
277 436 17
122 397 66
135 230 30
236 132 40
403 364 40
298 29 61
359 6 29
467 481 50
152 68 41
98 152 30
145 149 79
287 368 88
419 181 46
235 339 21
53 303 70
418 393 40
430 6 79
55 315 31
37 85 57
253 112 35
76 58 44
54 411 26
463 420 68
172 138 83
275 326 86
74 46 76
449 321 53
327 138 26
358 405 86
128 170 52
59 195 88
305 230 64
45 190 63
47 83 12
54 216 74
55 73 50
113 48 31
261 363 37
107 68 13
67 10 28
272 417 66
290 167 6
460 -1 53
75 446 18
339 333 41
330 229 40
132 190 64
189 216 80
199 321 61
151 98 32
154 15 27
215 343 59
124 299 59
442 99 71
179 242 37
232 405 95
156 53 27
161 108 44
200 114 52
373 123 42
67 304 81
222 430 46
46 173 67
129 45 63
399 436 58
470 -1 32
124 494 10
231 210 65
212 67 67
441 102 5
453 60 48
440 48 20
31 397 7
100 264 44
116 117 13
273 32 53
431 10 81
146 252 46
91 445 63
437 408 53
234 101 38
358 29 51
483 12 41
167 78 46
246 464 33
34 19 40
199 84 58
219 5 37
372 200 86
270 404 55
292 445 3
140 244 78
74 202 20
120 429 65
300 389 59
319 125 18
375 335 35
242 4 36
378 178 62
418 343 26
153 310 9
341 244 12
497 483 78
470 62 44
374 154 20
39 69 11
85 425 55
8 34 42
374 339 95
391 263 26
93 343 35
77 443 38
273 173 37
44 32 82
163 323 3
459 150 41
140 227 32
226 270 13
467 193 23
275 109 36
264 109 50
427 340 28
447 343 52
407 422 60
74 160 21
127 153 63
231 207 85
244 209 49
339 351 68
149 444 72
376 145 84
500 274 24
393 424 17
6 383 50
330 260 37
162 280 61
182 445 19
75 229 63
499 67 30
409 408 47
452 281 7
271 183 53
51 489 41
220 279 41
177 192 12
76 109 107
46 377 78
20 250 65
167 5 48
422 332 64
430 387 24
444 452 94
162 490 64
97 130 57
97 283 65
424 306 95
490 84 66
72 51 68
340 471 28
389 440 88
129 119 86
88 91 61
110 417 38
296 211 52
12 193 24
193 43 28
64 205 18
347 437 75
438 176 74
400 445 67
248 363 1
16 446 45
336 236 64
381 277 53
447 23 22
360 476 112
196 361 68
301 395 57
425 419 27
284 245 72
396 153 41
141 254 72
124 136 25
76 61 57
348 89 38
454 35 37
270 298 17
395 181 77
69 118 42
118 390 71
381 371 76
452 18 34
497 355 51
432 293 34
42 446 75
299 53 53
148 417 74
483 301 3
450 -1 94
227 146 30
327 474 58
23 488 63
177 264 73
142 42 46
485 495 79
385 163 92
29 115 6
173 240 84
132 126 43
257 114 35
305 123 23
412 465 6
411 388 19
27 98 85
13 305 67
93 405 58
207 212 50
76 431 70
214 412 69
282 312 65
185 489 57
416 153 27
84 11 24
267 29 38
453 292 66
277 263 59
223 247 20
216 279 24
371 45 104
179 260 71
54 443 64
352 121 84
128 313 35
440 275 58
270 279 45
22 300 103
273 486 30
57 289 95
268 129 43
4 312 99
263 410 28
116 494 31
315 237 69
245 244 76
33 104 14
89 10 92
185 203 60
113 212 63
14 396 50
365 74 10
260 287 47
261 154 46
63 255 26
165 75 47
343 142 37
82 450 17
163 123 42
263 95 78
216 55 52
344 432 60
93 367 42
44 243 87
402 461 41
