167 241 57
259 22 91
375 144 40
263 393 78
368 353 42
80 170 44
434 308 3
281 425 25
166 448 13
152 498 63
455 320 72
484 189 38
171 436 30
21 24 50
128 273 45
470 231 15
421 40 61
183 236 35
270 107 38
152 37 54
107 451 82
320 350 49
66 261 19
250 206 83
455 293 78
8 250 88
476 399 53
161 493 59
456 390 50
308 221 42
462 213 31
50 69 41
337 74 44
92 225 35
274 231 32
406 377 52
370 40 73
304 160 14
84 404 66
281 137 49
445 348 65
194 344 52
427 189 49
60 428 54
215 14 76
218 381 36
457 410 67
71 143 39
112 142 7
301 130 34
186 325 56
336 153 24
113 339 48
23 337 15
244 324 106
310 398 5
288 391 41
258 401 46
243 27 51
260 291 45
33 284 60
73 91 91
286 88 26
158 227 51
336 229 42
461 67 55
291 474 36
123 394 60
288 391 32
434 130 60
432 322 93
490 411 46
6 420 85
432 370 56
328 64 29
76 394 29
280 297 46
35 465 52
362 438 56
400 322 61
381 361 51
48 172 35
446 342 21
81 238 60
22 304 55
144 433 53
317 282 57
498 228 74
439 9 36
449 205 95
118 250 80
495 73 22
32 381 52
386 472 57
415 448 32
491 443 72
451 37 55
41 9 71
394 484 40
91 116 47
